,u10,v10,2mdewtmp,2mtmp,conv_ppt,tot_cld_ice,tot_cldwtr,tot_cld_rain,vi_div_cld_froz_wtr,vi_div_cld_liq_wtr,vi_div_gpot_flux,vi_div_ke_flux,vi_div_mass_flux,vi_div_moisture_flux,vi_div_olr_flux,vi_div_tot_enrgy_flux,vi_ke,vi_pe_inte,vi_pe_ie_latentenrgy,vi_temp,vi_olr,vi_tot_enrgy,vi_moisture_div
0,5.510883331298828,1.2860031127929688,297.4856643676758,300.0882873535156,0.0012113898992538452,0.2768927812576294,0.13091421127319336,0.16899585723876953,1.058913767337799e-06,-1.7284182831645012e-06,4491.14453125,-1.7298583984375,0.0012338757514953613,-0.00044303759932518005,-2733.46875,651.546875,329684.0625,2699598720.0,2863527808.0,2671261.875,2699599872.0,2863858688.0,-1.4901771545410156
1,6.319366455078125,0.7512130737304688,297.6295166015625,299.9432373046875,0.0015084603801369667,0.24398982524871826,0.15702223777770996,0.15978240966796875,2.49053118750453e-06,-1.2513482943177223e-06,4211.0390625,-4.0670166015625,0.0029427260160446167,-0.00038818083703517914,-2070.5,1210.41796875,373807.64880371094,2695659904.0,2859076224.0,2667393.875,2695658368.0,2859450752.0,-1.9496650695800781
2,6.571048736572266,-0.205047607421875,297.61153411865234,299.8038635253906,0.0010396512225270271,0.2387218475341797,0.2092113494873047,0.25178050994873047,1.720560248941183e-06,-1.2788805179297924e-06,4023.11328125,-5.039794921875,-0.0007500201463699341,-0.0004451815038919449,-2951.42578125,-32.9375,420026.7692871094,2692152704.0,2854632960.0,2663998.75,2692153344.0,2855053056.0,-2.0248947143554688
3,6.276195526123047,-0.24246978759765625,297.5645294189453,299.9899597167969,0.0013110972940921783,0.26624441146850586,0.27845144271850586,0.3892402648925781,3.187567926943302e-06,-3.291643224656582e-07,5674.60546875,-6.521728515625,-0.0016747117042541504,-0.0006523169577121735,-4318.87109375,-322.4765625,470325.29345703125,2696252416.0,2859519744.0,2668014.875,2696252928.0,2859990528.0,-2.350543975830078
4,5.876865386962891,-0.6456375122070312,297.4084014892578,300.3073043823242,0.0010091587901115417,0.32191622257232666,0.24711275100708008,0.45702171325683594,2.6552006602287292e-06,-1.974345650523901e-06,5199.8671875,-3.81005859375,-0.0004527568817138672,-0.000507008284330368,-3694.171875,242.359375,548545.3269042969,2699211264.0,2862149376.0,2670992.25,2699212416.0,2862697216.0,-2.089641571044922
5,3.7552833557128906,-0.19226837158203125,297.3505859375,300.1046676635742,0.0009096330031752586,0.40578436851501465,0.2640746831893921,0.4899559020996094,4.796776920557022e-06,-3.0054361559450626e-06,6057.0703125,0.818359375,0.0033579468727111816,-0.000515492632985115,-3366.8515625,1458.78125,503210.04473876953,2696248064.0,2857176960.0,2668230.0,2696249088.0,2857679360.0,-2.1850433349609375
6,3.216400146484375,-0.4779167175292969,297.37217712402344,300.07616424560547,0.0005686022341251373,0.4278517961502075,0.2022547721862793,0.4930715560913086,3.21494007948786e-06,-3.819761332124472e-06,5390.375,-0.2852783203125,-0.00033605098724365234,-0.0004976429045200348,-4194.671875,-63.84765625,517277.7327270508,2693162368.0,2852456704.0,2665306.125,2693161728.0,2852973056.0,-1.8909225463867188
7,1.7602806091308594,-0.5025100708007812,297.54014587402344,300.4139404296875,0.0009285407140851021,0.4108407497406006,0.22445571422576904,0.41672563552856445,6.626301910728216e-06,-2.846354618668556e-07,5166.296875,-1.18115234375,-0.001708105206489563,-0.000548812560737133,-4307.4609375,-536.92578125,525259.6091308594,2697201792.0,2857836672.0,2669197.625,2697202304.0,2858361216.0,-1.830047607421875
8,-1.0985946655273438,-0.2118682861328125,297.6039733886719,300.0239944458008,0.0007388154044747353,0.32898688316345215,0.20032286643981934,0.3236870765686035,8.966002496890724e-06,3.1364033930003643e-06,4517.75,3.4007568359375,0.0005283653736114502,-0.0004466092213988304,-2992.15234375,419.91015625,573051.4375,2700709120.0,2862371712.0,2672579.25,2700710016.0,2862944896.0,-1.622039794921875
9,-1.1205558776855469,0.6990242004394531,297.6668014526367,300.0667419433594,0.0007997294887900352,0.26024532318115234,0.19797754287719727,0.29006481170654297,5.305177182890475e-06,5.186302587389946e-07,4601.2421875,1.9007568359375,0.001349225640296936,-0.0004997160285711288,-2696.578125,639.16796875,582168.625,2698307456.0,2859238144.0,2670256.5,2698306944.0,2859821056.0,-1.7568626403808594
10,0.13835906982421875,0.6883735656738281,297.6441955566406,300.2280807495117,0.000565175898373127,0.21490859985351562,0.1906740665435791,0.2857179641723633,5.348818376660347e-06,3.4921104088425636e-06,3907.92578125,-0.69580078125,0.00034809112548828125,-0.00041072629392147064,-2499.2734375,355.8203125,601245.3840332031,2695907840.0,2855932544.0,2667953.625,2695906944.0,2856532608.0,-1.3909072875976562
11,0.7925682067871094,-0.47138214111328125,297.7788772583008,300.37117767333984,0.0008275331929326057,0.1605982780456543,0.20849823951721191,0.22539901733398438,3.043212927877903e-06,4.39485302194953e-06,3390.7265625,-1.775146484375,-0.0009892582893371582,-0.00040306150913238525,-2538.40625,-144.8046875,643555.9450683594,2699967360.0,2858871936.0,2672100.125,2699969536.0,2859515904.0,-1.4092254638671875
12,-0.072845458984375,-1.5883750915527344,297.7705612182617,300.7896957397461,0.00040241144597530365,0.1670743227005005,0.23746180534362793,0.29778003692626953,7.007503882050514e-06,3.915163688361645e-06,3071.65234375,1.221435546875,0.00020226836204528809,-0.00037890486419200897,-2071.5078125,74.99609375,706270.625,2700580736.0,2863336192.0,2672332.875,2700579200.0,2864040704.0,-0.9080734252929688
13,-1.4733543395996094,-1.3919410705566406,297.8431091308594,300.2154769897461,0.0008631665259599686,0.13663315773010254,0.19879674911499023,0.370880126953125,6.101385224610567e-06,2.408982254564762e-06,4940.78125,-3.416259765625,0.0029565244913101196,-0.000653095543384552,-2367.2421875,899.328125,669447.3117675781,2696675712.0,2859703936.0,2668419.0,2696672896.0,2860373376.0,-1.7617340087890625
14,-0.6095733642578125,0.0727996826171875,297.7856216430664,300.0613784790039,0.0009137410670518875,0.18367040157318115,0.21654677391052246,0.32045793533325195,1.2674136087298393e-05,5.850684829056263e-06,6615.40625,-5.085205078125,-0.00023669004440307617,-0.0008640121668577194,-4530.1796875,-79.7578125,699608.9515380859,2693604992.0,2855988352.0,2665424.0,2693604608.0,2856690176.0,-1.53118896484375
15,-0.4611549377441406,2.8014259338378906,297.81514739990234,300.27577209472656,0.0018553994596004486,0.15722477436065674,0.24131298065185547,0.17041397094726562,9.190232958644629e-06,1.8266146071255207e-06,4847.09765625,-7.4013671875,-0.0026843398809432983,-0.0006541721522808075,-4125.72265625,-927.4375,702550.875,2697629696.0,2860526592.0,2669378.875,2697629440.0,2861227904.0,-2.485187530517578
16,0.39652252197265625,1.5123519897460938,297.9221878051758,299.99537658691406,0.0008724099025130272,0.08963298797607422,0.2396169900894165,0.21581315994262695,1.0663061402738094e-06,7.533119060099125e-06,2480.80859375,-3.1767578125,0.00167924165725708,-0.00023547187447547913,-1078.09765625,791.69921875,850839.2998046875,2697616000.0,2860610176.0,2669333.5,2697614720.0,2861462144.0,-1.0842056274414062
17,1.2206954956054688,2.4553375244140625,297.9721145629883,300.1168899536133,0.0008079437538981438,0.15843594074249268,0.19976472854614258,0.22425174713134766,6.477930583059788e-07,6.472691893577576e-07,4591.6953125,-5.733154296875,0.0011601001024246216,-0.0006322916597127914,-2564.49609375,481.76953125,858247.25,2693452672.0,2857026560.0,2665143.75,2693452032.0,2857883392.0,-1.1726493835449219
18,-0.07226181030273438,0.8724288940429688,297.9494171142578,300.0374450683594,0.0010592583566904068,0.24960923194885254,0.32122802734375,0.4297657012939453,5.026580765843391e-06,-1.4664838090538979e-06,6663.3671875,-7.1884765625,0.0004342496395111084,-0.0007983483374118805,-4461.109375,226.75390625,889363.5798339844,2689452160.0,2855708288.0,2660938.5,2689451904.0,2856597248.0,-1.750396728515625
19,-1.1067848205566406,0.3925743103027344,297.9418411254883,300.3431396484375,0.000901821069419384,0.31731176376342773,0.22690653800964355,0.45860910415649414,1.3684621080756187e-06,-1.5369150787591934e-06,5663.23046875,-5.210205078125,-0.0019354820251464844,-0.0005977023392915726,-4827.3359375,-680.4296875,909392.0473632812,2693065984.0,2858616448.0,2664581.375,2693063552.0,2859526016.0,-2.0635910034179688
20,-0.010814666748046875,-0.13455963134765625,297.9212417602539,300.3334732055664,0.0010813064873218536,0.31052255630493164,0.16926980018615723,0.20791959762573242,4.976638592779636e-06,2.2216117940843105e-06,4685.2265625,-3.420654296875,6.729364395141602e-05,-0.0003494787961244583,-3666.71484375,151.453125,860209.0411376953,2695161344.0,2863958144.0,2666343.125,2695160448.0,2864819968.0,-1.7081794738769531
21,-0.17201614379882812,-1.4397735595703125,297.98230743408203,300.2042541503906,0.0011066673323512077,0.25838708877563477,0.15151453018188477,0.16532373428344727,7.204536814242601e-06,1.8748687580227852e-06,6383.625,-7.249755859375,0.0023495852947235107,-0.0007082615047693253,-3866.41796875,739.75390625,827807.0043945312,2689587968.0,2857378944.0,2660896.375,2689587968.0,2858206848.0,-1.8724288940429688
22,1.4951667785644531,-2.579296112060547,297.9348449707031,300.2808074951172,0.0019076550379395485,0.42865824699401855,0.16528034210205078,0.20916271209716797,1.264805905520916e-05,1.0431976988911629e-06,9899.44140625,4.16015625,-0.0007627010345458984,-0.001032346859574318,-7323.515625,73.23828125,908007.7445068359,2686715136.0,2853661824.0,2658137.0,2686714240.0,2854570112.0,-2.5771713256835938
23,1.5035781860351562,-3.925640106201172,297.9358444213867,300.1804733276367,0.002511821687221527,0.5579859018325806,0.14882969856262207,0.2644071578979492,1.2147240340709686e-05,3.1851232051849365e-07,8598.69921875,12.315673828125,-0.0014665424823760986,-0.000757165253162384,-6925.46875,-214.85546875,925114.25,2689617664.0,2855647872.0,2661115.625,2689616384.0,2856572032.0,-2.903564453125
24,0.08025741577148438,-2.8734664916992188,297.72557067871094,300.2190704345703,0.0011729151010513306,0.4068561792373657,0.1619706153869629,0.4291567802429199,2.7315691113471985e-06,-1.1897645890712738e-06,5817.453125,-4.01171875,0.0008612871170043945,-0.0006047189235687256,-3922.765625,349.13671875,904930.5,2691974656.0,2856648192.0,2663611.0,2691974144.0,2857554432.0,-1.8518600463867188
25,1.0984954833984375,-2.618213653564453,297.79979705810547,300.08040618896484,0.001271556131541729,0.35246241092681885,0.17030572891235352,0.3069572448730469,3.0125374905765057e-06,-9.498326107859612e-07,7044.93359375,-3.286376953125,0.0029656589031219482,-0.0008375467732548714,-3839.28125,1126.29296875,944182.3822021484,2687612544.0,2854284416.0,2659084.125,2687611904.0,2855228160.0,-2.286418914794922
26,1.834197998046875,-3.1993064880371094,298.0330505371094,299.9022445678711,0.001839764416217804,0.4798699617385864,0.23696255683898926,0.3876838684082031,2.656015567481518e-06,-4.0116719901561737e-07,7860.671875,4.197998046875,0.00093802809715271,-0.0008902223780751228,-5224.06640625,416.2109375,966702.3757324219,2683736064.0,2849870208.0,2655274.0,2683737344.0,2850837120.0,-2.5486373901367188
27,2.1457977294921875,-3.2917404174804688,297.92669677734375,299.9117736816406,0.0012981230393052101,0.36814558506011963,0.2566103935241699,0.533177375793457,-1.7762649804353714e-06,-2.476735971868038e-06,6222.72265625,5.98193359375,-0.0009639263153076172,-0.0007045883685350418,-4767.03125,-299.69921875,984115.458984375,2687072256.0,2853170944.0,2658589.75,2687077504.0,2854154368.0,-2.6496963500976562
28,0.4565849304199219,-2.147624969482422,298.00941467285156,300.07201385498047,0.0008596125990152359,0.2731870412826538,0.2437882423400879,0.30603647232055664,-1.74669548869133e-06,1.1496013030409813e-06,3777.88671875,-0.091064453125,-0.0015567243099212646,-0.00033501535654067993,-3338.34375,-393.8125,1085554.2160644531,2688647168.0,2849917184.0,2660644.125,2688650624.0,2851001856.0,-1.8062973022460938
29,1.9390640258789062,-1.3021049499511719,297.9530334472656,300.0502624511719,0.000651191920042038,0.3550238609313965,0.28913331031799316,0.4506239891052246,-1.3515818864107132e-06,-1.2986129149794579e-06,4922.41796875,1.5185546875,0.0018204450607299805,-0.0005589555948972702,-2978.109375,597.53125,1106704.0317382812,2684092672.0,2846420224.0,2656007.75,2684098432.0,2847525632.0,-1.5079727172851562
30,1.8004837036132812,-1.4720993041992188,297.95745849609375,300.02318572998047,0.0006256047636270523,0.3053387403488159,0.29387784004211426,0.5205655097961426,1.6651902114972472e-06,-3.2623065635561943e-06,4832.58984375,1.687744140625,5.97834587097168e-05,-0.0006019808351993561,-3311.3515625,-6.7109375,1048324.5349121094,2681604864.0,2844848256.0,2653440.75,2681609216.0,2845895680.0,-1.5270309448242188
31,2.43585205078125,0.4858741760253906,298.1062927246094,300.13094329833984,0.0006232829764485359,0.27734851837158203,0.2849656343460083,0.408233642578125,1.7136335372924805e-07,-2.4989712983369827e-06,3734.26171875,2.427734375,-0.002132117748260498,-0.00046753138303756714,-3280.625,-696.76171875,1098644.2487792969,2684672000.0,2848317440.0,2656441.125,2684675456.0,2849415040.0,-1.6544837951660156
32,-1.2818870544433594,0.9238548278808594,297.8336715698242,299.95203399658203,0.0005711615085601807,0.20648539066314697,0.3355393409729004,0.31215763092041016,6.858608685433865e-07,2.6650959625840187e-06,4118.6015625,3.511962890625,0.00047841668128967285,-0.0005933325737714767,-2530.71484375,114.55078125,955897.8386230469,2687756800.0,2847606016.0,2659903.125,2687758976.0,2848563328.0,-1.4844398498535156
33,-1.0022125244140625,1.5045585632324219,297.89273834228516,299.90757751464844,0.0005451524630188942,0.1397191286087036,0.31020474433898926,0.40808820724487305,1.060019712895155e-06,5.378387868404388e-07,3627.48046875,-2.2763671875,0.0020283758640289307,-0.0006092805415391922,-1587.8671875,568.61328125,898261.7109375,2683770624.0,2845521920.0,2655747.25,2683772544.0,2846423936.0,-1.4823837280273438
34,-0.22861099243164062,2.1038818359375,297.9413375854492,299.9119567871094,0.0006862971931695938,0.18493974208831787,0.3297276496887207,0.4145832061767578,3.3157411962747574e-06,1.1093216016888618e-06,3898.7734375,-6.484375,0.0003959238529205322,-0.0005694348365068436,-2378.7265625,120.6640625,821643.7048339844,2681292672.0,2844937088.0,2653100.0,2681297920.0,2845758720.0,-1.5410194396972656
35,0.53912353515625,3.4121131896972656,297.9178466796875,300.07106018066406,0.00038077495992183685,0.16381335258483887,0.25153303146362305,0.3609495162963867,1.7146812751889229e-06,5.032052285969257e-07,2146.296875,-5.915283203125,-0.0005606412887573242,-0.0002667028456926346,-1555.8125,-49.359375,850612.2468261719,2683735168.0,2847129856.0,2655537.625,2683737600.0,2847981824.0,-1.1225051879882812
36,0.3254737854003906,4.548961639404297,297.69374084472656,300.078369140625,0.00030435435473918915,0.10800778865814209,0.2591280937194824,0.2589449882507324,-7.558846846222878e-07,3.719294909387827e-06,1688.17578125,-5.95751953125,4.7206878662109375e-05,-0.00031848810613155365,-954.875,-17.703125,1026113.8420410156,2683007616.0,2847427328.0,2654738.625,2683008640.0,2848453760.0,-0.5638809204101562
37,-0.9414253234863281,5.002071380615234,297.7263717651367,299.9148712158203,0.0005932627245783806,0.06655645370483398,0.22787737846374512,0.19574451446533203,-6.579211913049221e-07,9.607174433767796e-07,1581.23828125,-7.600341796875,0.0011273324489593506,-0.0003512483090162277,-614.8125,73.73828125,947246.0061035156,2678810496.0,2843480064.0,2650519.25,2678813696.0,2844426752.0,-0.745391845703125
38,-1.990234375,4.934238433837891,297.7949752807617,299.7545700073242,0.0008768010884523392,0.06416213512420654,0.23947668075561523,0.2241830825805664,6.2515027821064e-08,-1.7916318029165268e-06,2039.84375,-9.9871826171875,-0.0011890679597854614,-0.0004176553338766098,-1702.4921875,-720.9453125,887001.9189453125,2676466432.0,2841010816.0,2648179.25,2676467712.0,2841897344.0,-1.2858047485351562
39,-1.1204643249511719,4.668373107910156,297.7043914794922,299.8617401123047,0.00048296432942152023,0.07500278949737549,0.2345902919769287,0.4076576232910156,2.2309832274913788e-06,2.207350917160511e-06,2768.8828125,-8.510009765625,-0.001232147216796875,-0.000536751002073288,-1932.5,-506.0234375,855474.0788574219,2680333056.0,2846073728.0,2651896.5,2680333824.0,2846927232.0,-1.7346572875976562
40,-0.18638229370117188,5.951560974121094,297.5943908691406,299.9745178222656,0.0006492547690868378,0.12768959999084473,0.23703694343566895,0.44822072982788086,4.063185770064592e-06,1.8762657418847084e-06,5258.38671875,-8.7071533203125,0.001356661319732666,-0.0006703576073050499,-2732.4375,803.5078125,1075499.3790893555,2681724544.0,2850610816.0,2652998.625,2681725056.0,2851683456.0,-1.4775161743164062
41,-0.981658935546875,6.519054412841797,297.56166076660156,299.9510192871094,0.0008020335808396339,0.18582510948181152,0.20691728591918945,0.3384876251220703,6.0873571783304214e-06,1.6473932191729546e-06,5676.8359375,-4.052978515625,0.0006843507289886475,-0.0006476975977420807,-3437.09375,643.1953125,1105998.6362304688,2678316672.0,2846714240.0,2649657.875,2678316800.0,2847820928.0,-1.3777427673339844
42,-0.7510604858398438,6.4590606689453125,297.52305603027344,299.9237594604492,0.0008562728762626648,0.1902329921722412,0.19614851474761963,0.28218650817871094,3.582681529223919e-06,5.32990088686347e-06,5276.9765625,4.1981201171875,0.0007780641317367554,-0.0006321938708424568,-3408.62109375,381.10546875,1092940.9994506836,2676155520.0,2844396928.0,2647525.875,2676156160.0,2845491968.0,-1.3218154907226562
43,-1.2960700988769531,7.455615997314453,297.44810485839844,299.9063034057617,0.0012379596009850502,0.1918041706085205,0.18359160423278809,0.301666259765625,3.102279151789844e-06,6.746849976480007e-06,5549.28515625,9.544921875,-0.0006977766752243042,-0.0007483502849936485,-4150.65625,-447.62890625,1118046.8491210938,2679754496.0,2849190784.0,2650980.25,2679753344.0,2850309376.0,-2.6112899780273438
44,-2.3669891357421875,6.004352569580078,297.6940231323242,299.86570739746094,0.0014216974377632141,0.230993390083313,0.2819148302078247,0.42880725860595703,5.515175871551037e-07,3.7153949961066246e-06,4410.33203125,-0.211669921875,-0.0017094165086746216,-0.0007057022303342819,-3657.359375,-1009.7578125,1236683.7530517578,2678138624.0,2847008256.0,2649433.375,2678138368.0,2848243840.0,-3.2396621704101562
45,-1.81158447265625,5.650386810302734,297.8135528564453,299.8541793823242,0.0012421132996678352,0.2630964517593384,0.33739185333251953,0.5089993476867676,3.2915995689108968e-06,6.927293725311756e-06,6409.80859375,-5.06884765625,0.0023396313190460205,-0.0009060259908437729,-3582.68359375,555.01953125,1299209.3298339844,2673931520.0,2843790976.0,2645146.375,2673931648.0,2845091584.0,-3.1938819885253906
46,-1.8982276916503906,6.558952331542969,297.7777328491211,299.8848419189453,0.0010510152205824852,0.3065166473388672,0.3524017333984375,0.6956863403320312,2.6774941943585873e-05,6.852904334664345e-06,6550.15234375,7.9234619140625,-0.00023570656776428223,-0.0008257254958152771,-4369.0546875,126.45703125,1415932.345703125,2672321024.0,2840623104.0,2643681.625,2672321664.0,2842039424.0,-2.57366943359375
47,-1.873443603515625,6.537609100341797,297.8282928466797,300.02889251708984,0.0010917577892541885,0.29115474224090576,0.2991929054260254,0.6109776496887207,3.198634658474475e-05,8.755945600569248e-06,6230.359375,10.9447021484375,-0.000619545578956604,-0.0007435325533151627,-4391.6953125,-28.1875,1416172.251953125,2674918528.0,2842555520.0,2646316.125,2674920064.0,2843971200.0,-2.8321495056152344
48,-1.9292488098144531,5.562160491943359,297.87213134765625,299.9953384399414,0.0012008948251605034,0.20341622829437256,0.24675607681274414,0.43149852752685547,2.3379281628876925e-05,1.8957071006298065e-06,5574.4453125,9.5009765625,0.0007717162370681763,-0.0007292767986655235,-3426.72265625,322.421875,1425956.5,2674218752.0,2839766016.0,2645829.625,2674219520.0,2841191808.0,-2.0415191650390625
49,-0.895111083984375,6.433376312255859,297.9076919555664,299.9777297973633,0.0016703186556696892,0.23691892623901367,0.2431955337524414,0.31534910202026367,9.819865226745605e-06,3.815395757555962e-06,5917.17578125,-1.531005859375,0.0017009079456329346,-0.000774012878537178,-3414.9296875,590.97265625,1462938.4018554688,2672275456.0,2839139840.0,2643774.5,2672279040.0,2840600448.0,-2.5555801391601562
50,-0.16426849365234375,5.814380645751953,297.88816833496094,299.9344940185547,0.0014243535697460175,0.31443095207214355,0.27847349643707275,0.4051799774169922,1.496769255027175e-05,8.606933988630772e-06,6194.65234375,-7.047607421875,0.001385420560836792,-0.000683315098285675,-3718.359375,714.37109375,1518501.3450927734,2669582464.0,2836544256.0,2641088.375,2669585920.0,2838060928.0,-2.7778701782226562
51,2.2520828247070312,5.456947326660156,297.95587158203125,299.96236419677734,0.0015927059575915337,0.3007321357727051,0.2048816680908203,0.324615478515625,9.31986141949892e-06,1.066247932612896e-05,5063.03125,-5.187744140625,-0.0021044015884399414,-0.0005192570388317108,-4212.1875,-450.171875,1629232.5,2671623680.0,2837101824.0,2643258.0,2671628288.0,2838730496.0,-1.8418426513671875
52,2.135467529296875,3.6763267517089844,297.9025344848633,299.75199127197266,0.001247091218829155,0.23602938652038574,0.18482112884521484,0.2651958465576172,1.1206604540348053e-05,6.510817911475897e-06,3965.9375,4.181396484375,-0.0011103004217147827,-0.0004906244575977325,-2960.7890625,-215.8203125,1776800.8121948242,2670566016.0,2836281600.0,2642182.5,2670569088.0,2838058240.0,-1.6824302673339844
53,2.8023414611816406,4.352886199951172,297.7616500854492,299.59705352783203,0.0012748241424560547,0.2614964246749878,0.3086819648742676,0.41635608673095703,9.420662536285818e-06,6.622285582125187e-06,5802.5703125,6.47021484375,0.0007795095443725586,-0.000689944252371788,-3524.12109375,545.74609375,1869403.9831542969,2666348288.0,2832811136.0,2637924.625,2666349952.0,2834681856.0,-2.0442123413085938
54,2.6278038024902344,6.020000457763672,297.6416549682617,299.5555419921875,0.0009807851165533066,0.37782227993011475,0.3455772399902344,0.5663337707519531,1.0940944775938988e-05,3.816094249486923e-07,5978.95703125,8.539794921875,-0.0006178021430969238,-0.0007616449147462845,-4169.8828125,-52.765625,2114068.4365234375,2665203968.0,2832196224.0,2636746.25,2665209216.0,2834309504.0,-2.3301010131835938
55,2.8138580322265625,6.265754699707031,297.6289749145508,299.5530242919922,0.0010558348149061203,0.3457493782043457,0.33393430709838867,0.5759305953979492,3.1764968298375607e-05,3.228546120226383e-06,5782.57421875,20.279052734375,-5.6743621826171875e-05,-0.0007193367928266525,-3806.1640625,175.91015625,2194725.446411133,2668623872.0,2835330816.0,2640171.25,2668625664.0,2837526016.0,-2.570262908935547
56,1.33514404296875,6.502479553222656,297.5634536743164,299.56163787841797,0.001007438637316227,0.2727006673812866,0.30367326736450195,0.51031494140625,3.1658681109547615e-05,3.899913281202316e-08,4874.73046875,14.84228515625,-0.0001185983419418335,-0.0005782581865787506,-3162.921875,273.40625,2693001.0,2664106752.0,2831073536.0,2635651.875,2664112128.0,2833768192.0,-2.4956092834472656
57,0.6712684631347656,6.781654357910156,297.5348129272461,299.4470748901367,0.0009277621284127235,0.24642515182495117,0.34601831436157227,0.4915804862976074,3.5308359656482935e-05,8.429749868810177e-06,5146.109375,9.76025390625,0.00041678547859191895,-0.0006692651659250259,-3183.59375,303.8984375,2698693.7963867188,2662822400.0,2831515776.0,2634204.625,2662824448.0,2834216064.0,-2.6778602600097656
58,-0.20664596557617188,6.440876007080078,297.47391510009766,299.33119201660156,0.0009408649057149887,0.2549147605895996,0.3386952877044678,0.4822101593017578,3.2299780286848545e-05,7.77828972786665e-06,5975.7578125,-2.344482421875,0.0008576661348342896,-0.0007601119577884674,-3601.3671875,497.32421875,2626980.544067383,2661786368.0,2831565568.0,2633069.125,2661789184.0,2834192128.0,-2.6548385620117188
59,0.3552894592285156,7.3548431396484375,297.4958038330078,299.38011169433594,0.001177583821117878,0.27156293392181396,0.3457282781600952,0.5203065872192383,3.732170443981886e-05,1.912587322294712e-05,5981.9765625,7.258544921875,4.0158629417419434e-05,-0.000743914395570755,-3902.71875,203.52734375,2692211.7904052734,2663790720.0,2832587648.0,2635145.5,2663792384.0,2835279232.0,-2.657501220703125
60,1.0013351440429688,6.6505889892578125,297.28208923339844,299.00797271728516,0.000871121883392334,0.27108001708984375,0.30531978607177734,0.7170543670654297,2.374046016484499e-05,1.9681057892739773e-05,6304.7265625,4.4873046875,0.0010683536529541016,-0.0007871072739362717,-3629.265625,728.84765625,2931119.167236328,2661137792.0,2830625152.0,2632435.875,2661140480.0,2833556608.0,-2.8765106201171875
61,0.9603080749511719,7.231712341308594,296.9614486694336,298.6033020019531,0.00060235895216465,0.19709277153015137,0.3171687126159668,0.8146076202392578,2.0982639398425817e-05,2.078188117593527e-05,6164.234375,9.119140625,0.0006956011056900024,-0.0009068846702575684,-3533.2890625,371.3984375,2994384.3524780273,2657312896.0,2826936064.0,2628622.0,2657316736.0,2829931136.0,-3.2090911865234375
62,0.3256034851074219,5.05450439453125,296.20153045654297,297.87242126464844,0.0004847981035709381,0.2111649513244629,0.3935091495513916,1.0404796600341797,2.513598883524537e-05,1.691735815256834e-05,8054.671875,-28.63037109375,0.0001892000436782837,-0.0011068489402532578,-4872.4453125,412.04296875,2993936.5302734375,2656386304.0,2824111360.0,2627899.25,2656389504.0,2827106432.0,-3.0979385375976562
63,0.3308448791503906,2.3292160034179688,294.8343200683594,296.8820037841797,0.00029922090470790863,0.26927053928375244,0.41288256645202637,1.0959911346435547,3.7902325857430696e-05,1.8388032913208008e-05,8698.75,-21.93701171875,-0.000827983021736145,-0.0010176077485084534,-5343.49609375,788.2265625,3148005.4998168945,2658164864.0,2820741120.0,2630179.625,2658167936.0,2823886848.0,-3.711170196533203
64,0.9988746643066406,0.041492462158203125,293.7967987060547,296.3366241455078,0.00014904234558343887,0.1541372537612915,0.37077343463897705,0.8772659301757812,2.4561246391385794e-05,1.2424658052623272e-05,6464.80078125,9.709228515625,-0.0008870065212249756,-0.0006996821612119675,-3710.5390625,1022.203125,3033690.684814453,2656521472.0,2811134080.0,2629358.375,2656523776.0,2814167168.0,-2.859710693359375
65,0.3964195251464844,2.0884857177734375,293.45347595214844,296.02574920654297,0.0001719919964671135,0.10868597030639648,0.40460205078125,0.7620773315429688,1.4958321116864681e-05,2.8307316824793816e-05,5956.10546875,16.5877685546875,-0.00015985965728759766,-0.0004616016522049904,-3206.6328125,1602.78515625,3083973.4709472656,2657306112.0,2808948736.0,2630438.875,2657307264.0,2812034176.0,-2.5662574768066406
66,-0.16949462890625,2.5366287231445312,293.03739166259766,295.4997024536133,0.00019781384617090225,0.0777508020401001,0.40799617767333984,0.6828999519348145,1.0493080480955541e-05,2.349237911403179e-05,5357.51171875,0.8450927734375,-0.0006827563047409058,-0.0004013180732727051,-3080.12109375,1278.2734375,2923201.500061035,2656633472.0,2805292032.0,2630075.75,2656633984.0,2808215936.0,-1.5523490905761719
67,0.9818687438964844,4.751903533935547,292.8915023803711,295.3414611816406,0.00025262869894504547,0.09301102161407471,0.30402565002441406,0.5064992904663086,7.742171874269843e-06,1.2579548638314009e-05,3244.9609375,7.0880126953125,-0.0010081380605697632,-9.247660636901855e-05,-2076.640625,982.00390625,2772838.805419922,2660500096.0,2806332800.0,2634185.5,2660497408.0,2809107328.0,-0.8882369995117188
68,2.1046180725097656,2.884502410888672,291.9726333618164,294.22953033447266,0.000296957790851593,0.0713726282119751,0.22959387302398682,0.27123498916625977,1.2003816664218903e-05,7.605063728988171e-06,2570.72265625,15.679443359375,0.0010242611169815063,0.00019567087292671204,-887.1953125,2161.4609375,2715196.6502685547,2659294976.0,2797343232.0,2633773.625,2659292160.0,2800057856.0,0.3244476318359375
69,4.033557891845703,6.343849182128906,292.2131881713867,294.29493713378906,0.00035304855555295944,0.07088780403137207,0.2041865587234497,0.24100446701049805,8.886621799319983e-06,1.23525969684124e-05,2937.95703125,32.38671875,0.0005410462617874146,0.0002775713801383972,-1317.7109375,2331.6796875,2915111.0001220703,2657661184.0,2790535040.0,2632632.0,2657656576.0,2793450368.0,0.16589736938476562
70,3.6591148376464844,3.8735427856445312,291.61588287353516,293.60911560058594,0.0003306157886981964,0.06409192085266113,0.2243821620941162,0.2306804656982422,1.1684023775160313e-05,9.037903510034084e-06,2667.65625,43.5084228515625,-0.0016812682151794434,8.934363722801208e-05,-1935.17578125,1026.16015625,2795632.5063476562,2657181440.0,2783808000.0,2632759.625,2657179904.0,2786601344.0,0.19498443603515625
71,2.5691909790039062,2.3484649658203125,291.0677719116211,292.9675750732422,0.00012650806456804276,0.05776524543762207,0.24762463569641113,0.2547788619995117,1.2488628271967173e-05,4.505447577685118e-06,2266.85546875,60.208251953125,-0.0015836656093597412,-1.7676502466201782e-06,-1589.40625,756.8828125,2531534.5,2659208960.0,2782580736.0,2635087.25,2659208064.0,2785111680.0,-0.012908935546875
72,2.537994384765625,1.4894676208496094,290.2019577026367,292.2071304321289,0.00011381134390830994,0.07070732116699219,0.24396634101867676,0.25971126556396484,1.8375343643128872e-05,1.0432268027216196e-05,2483.7109375,77.619140625,0.00014457106590270996,9.102281183004379e-05,-1050.13671875,1695.4765625,2459176.555419922,2661257728.0,2782004480.0,2637376.0,2661261184.0,2784464256.0,-0.14227294921875
73,2.990009307861328,3.3362464904785156,290.3762741088867,292.15614318847656,0.00014277640730142593,0.041387200355529785,0.24858641624450684,0.18828964233398438,1.717841951176524e-05,1.4464138075709343e-05,2368.66796875,68.587890625,-0.0005761533975601196,0.00011818576604127884,-1426.73828125,1310.90625,2564507.2241210938,2661784960.0,2780799104.0,2638050.375,2661787008.0,2783363456.0,-0.21539688110351562
74,2.668476104736328,3.2388267517089844,290.095458984375,291.70875549316406,0.00012388266623020172,0.028993964195251465,0.2888157367706299,0.18175458908081055,8.346687536686659e-06,1.7202692106366158e-05,1716.265625,44.232666015625,-0.0008243024349212646,0.0001902356743812561,-1114.91796875,1150.30078125,2392977.0517578125,2662717184.0,2780297984.0,2639113.25,2662714368.0,2782692480.0,-0.061077117919921875
75,1.5609703063964844,1.9897346496582031,289.43296813964844,290.97344970703125,5.1128678023815155e-05,0.030312180519104004,0.2761952877044678,0.16309070587158203,4.597372026182711e-06,9.238196071237326e-06,984.94140625,31.92724609375,-0.002823561429977417,0.0001583881676197052,-1183.65234375,219.65625,2061918.5654296875,2665601408.0,2780383360.0,2642256.5,2665601792.0,2782446080.0,0.5608139038085938
76,1.6798362731933594,1.5842247009277344,289.15799713134766,290.61002349853516,3.8567930459976196e-05,0.016252875328063965,0.27471721172332764,0.10655784606933594,1.8106075003743172e-06,8.466944564133883e-06,425.265625,34.6793212890625,0.00026148557662963867,0.000263141468167305,3.578125,1121.14453125,1933297.0087890625,2667446400.0,2776660736.0,2644635.875,2667445120.0,2778595328.0,0.4392051696777344
77,1.134735107421875,0.026973724365234375,288.80567169189453,290.20401763916016,5.901604890823364e-05,0.02100229263305664,0.2857074737548828,0.0795750617980957,1.7594429664313793e-06,7.427297532558441e-06,725.5234375,32.18115234375,-0.0026365816593170166,0.00021619722247123718,-1177.296875,149.90234375,1820509.0849609375,2665753728.0,2771618176.0,2643269.625,2665752448.0,2773438976.0,0.313812255859375
78,0.110687255859375,-0.7155189514160156,288.89473724365234,290.28585052490234,9.150989353656769e-05,0.01736319065093994,0.29330170154571533,0.09374046325683594,3.965455107390881e-06,5.629262886941433e-06,680.3203125,31.1192626953125,-0.002328038215637207,0.0002695377916097641,-1030.1875,341.6328125,1715326.2458496094,2670208640.0,2772473984.0,2648034.0,2670208256.0,2774188032.0,0.40325927734375
79,0.12726593017578125,-0.9223098754882812,289.19055938720703,290.6964416503906,2.6872381567955017e-05,0.003218412399291992,0.23145794868469238,0.05238008499145508,1.4693359844386578e-06,7.700989954173565e-06,316.4765625,30.9698486328125,-0.002355441451072693,0.00034308433532714844,-809.50390625,376.39453125,1496282.25,2678082560.0,2773993088.0,2656436.125,2678082048.0,2775489664.0,1.1831283569335938
80,-1.6096038818359375,-1.5108795166015625,288.6785202026367,290.43150329589844,6.401911377906799e-06,0.00015211105346679688,0.1700383424758911,0.014503002166748047,8.329516276717186e-08,3.2463576644659042e-06,-244.1015625,18.12451171875,-0.0005065947771072388,0.0002799239009618759,152.3828125,661.64453125,1190367.0,2683585536.0,2773936640.0,2662409.625,2683586304.0,2775126400.0,1.1957969665527344
81,-1.2046546936035156,-0.8300361633300781,289.16259002685547,290.9366912841797,7.047317922115326e-06,6.4373016357421875e-06,0.17646121978759766,0.011769294738769531,3.323657438158989e-08,4.171510227024555e-06,422.71875,11.4947509765625,0.00041919946670532227,0.00020393915474414825,-91.9296875,871.96875,1088270.875,2686827904.0,2776405120.0,2665693.25,2686827648.0,2777492224.0,0.7318267822265625
82,-3.5331459045410156,-2.0011520385742188,288.5519332885742,290.3707275390625,7.88271427154541e-06,5.7220458984375e-06,0.2284379005432129,0.017502784729003906,4.936009645462036e-08,2.764398232102394e-06,289.81640625,6.56494140625,-0.00024713948369026184,0.0001506078988313675,-170.40625,471.39453125,1046145.25,2688331776.0,2777184640.0,2667276.875,2688331904.0,2778231168.0,0.6733360290527344
